1 0.84069 0.57842 0.3617 0.27102 0.32218 0.65124 -0.57527 -0.7224 0.38399 0.22075 0.34969 0.10084 0.13614 0.13159 
 
0.84069 1 0.50453 0.3021 0.19716 0.14337 0.39851 -0.30429 -0.41539 0.16328 0.083481 0.14172 0.0061206 0.044002 0.061038 
 
0.57842 0.50453 1 0.42024 0.2422 0.19304 0.48673 -0.39689 -0.48219 0.093667 0.19293 0.18307 0.13283 0.1446 0.15441 
 
0.3617 0.3021 0.42024 1 0.18059 0.14158 0.37208 -0.24282 -0.3231 -0.0164 0.26465 0.10814 0.22503 0.11036 0.10245 
 
0.27102 0.19716 0.2422 0.18059 1 0.24227 0.17734 -0.23763 -0.1999 0.1348 0.16639 0.077622 0.12083 0.040244 0.04453 
 
0.32218 0.14337 0.19304 0.14158 0.24227 1 0.17614 -0.25447 -0.23066 0.30751 0.17259 0.20659 0.1487 0.091607 0.090649 
 
0.65124 0.39851 0.48673 0.37208 0.17734 0.17614 1 -0.50626 -0.82033 -0.23202 0.46028 0.27789 0.3063 0.18148 0.16829 
 
-0.57527 -0.30429 -0.39689 -0.24282 -0.23763 -0.25447 -0.50626 1 0.6894 -0.31107 -0.09533 -0.23542 -0.084855 -0.074659 -0.090565 
 
-0.7224 -0.41539 -0.48219 -0.3231 -0.1999 -0.23066 -0.82033 0.6894 1 -0.11022 -0.34331 -0.30917 -0.21261 -0.18641 -0.18437 
 
0.38399 0.16328 0.093667 -0.0164 0.1348 0.30751 -0.23202 -0.31107 -0.11022 1 -0.15722 0.2518 -0.1337 0.052725 0.054536 
 
0.22075 0.083481 0.19293 0.26465 0.16639 0.17259 0.46028 -0.09533 -0.34331 -0.15722 1 0.13151 0.57277 0.30776 0.24826 
 
0.34969 0.14172 0.18307 0.10814 0.077622 0.20659 0.27789 -0.23542 -0.30917 0.2518 0.13151 1 0.1135 0.20364 0.10194 
 
0.10084 0.0061206 0.13283 0.22503 0.12083 0.1487 0.3063 -0.084855 -0.21261 -0.1337 0.57277 0.1135 1 0.3815 0.29183 
 
0.13614 0.044002 0.1446 0.11036 0.040244 0.091607 0.18148 -0.074659 -0.18641 0.052725 0.30776 0.20364 0.3815 1 0.61668 
 
0.13159 0.061038 0.15441 0.10245 0.04453 0.090649 0.16829 -0.090565 -0.18437 0.054536 0.24826 0.10194 0.29183 0.61668 1 
 
